0 -2.735420 2.505869 -2.060821
1 0.561745 -6.400793 1.328490
2 5.047092 6.583038 1.881230
3 -9.664918 -1.709588 -1.027660
4 9.390248 -5.973307 2.223609
5 -3.194093 11.881865 1.283469
6 -6.164875 -11.870092 0.419565
7 13.495814 4.928649 1.477997
8 -14.138329 5.836097 3.118133
9 6.853685 -14.645927 1.253144
0 -2.902744 2.401865 -2.369035
1 0.445394 -6.267777 2.493567
2 5.080487 6.772819 0.984569
3 -9.562413 -1.879441 -1.205387
4 9.254409 -5.829078 2.317406
5 -3.117865 12.064666 1.069969
6 -5.992971 -11.779379 0.918363
7 13.571536 5.110535 1.457652
8 -14.333506 5.873479 3.261190
9 6.925636 -14.460493 1.174297
0 -3.044680 2.262734 -2.558523
1 0.310444 -6.122801 2.261174
2 5.221972 6.910396 0.510473
3 -9.505892 -2.068842 -1.378024
4 9.094192 -5.712470 2.091621
5 -2.969625 12.193625 0.653605
6 -5.950970 -11.590672 1.488515
7 13.476499 5.281699 2.180209
8 -14.530330 5.895266 2.982956
9 6.920377 -14.266022 1.706493
0 -3.185379 2.123405 -2.713065
1 0.155590 -5.999686 2.320325
2 5.388104 7.011423 0.644569
3 -9.499719 -2.266012 -1.702047
4 9.017984 -5.529070 1.678641
5 -2.822610 12.328280 0.829006
6 -5.906897 -11.396679 1.525122
7 13.322183 5.401572 2.943444
8 -14.727284 5.898064 2.963825
9 6.929636 -14.068326 1.163747
0 -3.380589 2.114675 -3.416682
1 0.041630 -5.838089 2.192714
2 5.529621 7.150465 0.527263
3 -9.494505 -2.465128 -1.399683
4 8.999796 -5.330918 1.495058
5 -2.689740 12.476249 0.708208
6 -5.857900 -11.206668 0.880404
7 13.128687 5.371298 3.599053
8 -14.924575 5.888249 3.315211
9 6.942238 -13.871546 1.635106
0 -3.559586 2.201505 -3.586952
1 0.004589 -5.648007 1.818298
2 5.679266 7.281067 1.094009
3 -9.450836 -2.654879 -0.914952
4 9.073854 -5.152314 0.581014
5 -2.527886 12.588413 0.085859
6 -5.772856 -11.029383 1.285392
7 12.951196 5.280199 3.596216
8 -15.100128 5.805416 4.128163
9 6.965012 -13.673923 1.512730
0 -3.744955 2.191664 -2.452731
1 -0.104219 -5.485113 2.352135
2 5.827076 7.394764 0.087371
3 -9.417953 -2.847097 -1.537043
4 9.254025 -5.071250 0.123460
5 -2.333924 12.552861 -0.432129
6 -5.754622 -10.831068 1.328947
7 12.765291 5.216515 3.070342
8 -15.258831 5.686499 3.825898
9 6.978816 -13.477742 1.295578
0 -3.896803 2.062939 -2.284548
1 -0.273395 -5.390435 3.257575
2 6.021062 7.363609 -0.329011
3 -9.431385 -3.044269 -1.913935
4 9.447073 -5.078760 -0.547299
5 -2.198333 12.410626 -1.010265
6 -5.737862 -10.632673 1.744104
7 12.568162 5.243920 2.772289
8 -15.395638 5.543306 4.013837
9 7.036931 -13.287091 1.410541
0 -3.982127 1.888372 -1.635922
1 -0.468998 -5.362061 3.320414
2 6.218963 7.359386 0.045688
3 -9.522558 -3.220325 -2.412550
4 9.630436 -5.139186 -0.179866
5 -2.153511 12.220182 -1.474117
6 -5.794624 -10.444085 2.064558
7 12.372144 5.270876 2.981194
8 -15.477907 5.365141 4.343457
9 7.090102 -13.096508 1.183620
0 -4.006060 1.695211 -2.365453
1 -0.626105 -5.482833 3.763834
2 6.400609 7.301467 -0.986519
3 -9.649291 -3.374040 -2.256170
4 9.818419 -5.204608 -0.332372
5 -2.049208 12.055312 -0.960544
6 -5.919005 -10.288728 2.239030
7 12.179790 5.315760 3.058611
8 -15.555691 5.183643 4.253672
9 7.250534 -13.007045 0.261977
0 -4.148815 1.564186 -2.244892
1 -0.808057 -5.552155 3.035991
2 6.458186 7.111713 -1.297604
3 -9.781757 -3.522892 -2.204507
4 10.004353 -5.265239 0.032138
5 -1.950296 11.883199 -0.825289
6 -6.051459 -10.140655 2.176884
7 11.983176 5.288983 3.371544
8 -15.645553 5.006416 4.264975
9 7.431256 -12.929903 0.551306
0 -4.317099 1.461950 -2.777534
1 -0.999813 -5.504021 2.745221
2 6.602166 6.978479 -0.661014
3 -9.907867 -3.675379 -2.545394
4 10.200201 -5.285916 0.309329
5 -1.845644 11.713720 -1.126665
6 -6.103932 -9.951666 1.469019
7 11.800702 5.239459 4.101485
8 -15.667478 4.809326 4.635719
9 7.597924 -12.821881 0.184252
